snp-dists 0.6.3,ISLHD_2017_3_S117,ISLHD_2019_28,SIML_2017_05,SIML_2019_08,SIML_2019_13,Seagull_18_100_1_S16,Seagull_18_100_2_S17
ISLHD_2017_3_S117,0,165,164,239,171,181,184
ISLHD_2019_28,165,0,39,128,18,74,89
SIML_2017_05,164,39,0,123,51,75,78
SIML_2019_08,239,128,123,0,126,164,153
SIML_2019_13,171,18,51,126,0,72,71
Seagull_18_100_1_S16,181,74,75,164,72,0,17
Seagull_18_100_2_S17,184,89,78,153,71,17,0
